-1 0 0
-0.997607 -0.0691416 0
-0.997607 0.0691416 0
-0.996917 -0.0412484 -0.0667413
-0.996917 -0.0412484 0.0667413
-0.996917 0.0412484 -0.0667413
-0.996917 0.0412484 0.0667413
-0.991648 -0.110385 -0.0667094
-0.991648 -0.110385 0.0667094
-0.991648 0.110385 -0.0667094
-0.991648 0.110385 0.0667094
-0.991046 0 -0.133523
-0.991046 0 0.133523
-0.990439 -0.137952 0
-0.990439 0.137952 0
-0.987688 -0.0822425 -0.133071
-0.987688 -0.0822425 0.133071
-0.987688 0.0822425 -0.133071
-0.987688 0.0822425 0.133071
-0.981483 -0.179596 -0.0666044
-0.981483 -0.179596 0.0666044
-0.981483 0.179596 -0.0666044
-0.981483 0.179596 0.0666044
-0.979426 -0.151549 -0.133256
-0.979426 -0.151549 0.133256
-0.979426 0.151549 -0.133256
-0.979426 0.151549 0.133256
-0.978852 -0.0412509 -0.200368
-0.978852 -0.0412509 0.200368
-0.978852 0.0412509 -0.200368
-0.978852 0.0412509 0.200368
-0.97853 -0.206103 0
-0.97853 0.206103 0
-0.97237 -0.122729 -0.198581
-0.97237 -0.122729 0.198581
-0.97237 0.122729 -0.198581
-0.97237 0.122729 0.198581
-0.966643 -0.247326 -0.0665669
-0.966643 -0.247326 0.0665669
-0.966643 0.247326 -0.0665669
-0.966643 0.247326 0.0665669
-0.966393 -0.220117 -0.132792
-0.966393 -0.220117 0.132792
-0.966393 0.220117 -0.132792
-0.966393 0.220117 0.132792
-0.963861 0 -0.266405
-0.963861 0 0.266405
-0.961938 -0.273266 0
-0.961938 0.273266 0
-0.961188 -0.19178 -0.198337
-0.961188 -0.19178 0.198337
-0.961188 0.19178 -0.198337
-0.961188 0.19178 0.198337
-0.960655 -0.0815011 -0.265518
-0.960655 -0.0815011 0.265518
-0.960655 0.0815011 -0.265518
-0.960655 0.0815011 0.265518
-0.951057 -0.16246 -0.262866
-0.951057 -0.16246 0.262866
-0.951057 0.16246 -0.262866
-0.951057 0.16246 0.262866
-0.947822 -0.289929 -0.13257
-0.947822 -0.289929 0.13257
-0.947822 0.289929 -0.13257
-0.947822 0.289929 0.13257
-0.946198 -0.316778 -0.0660424
-0.946198 -0.316778 0.0660424
-0.946198 0.316778 -0.0660424
-0.946198 0.316778 0.0660424
-0.944433 -0.26155 -0.199094
-0.944433 -0.26155 0.199094
-0.944433 0.26155 -0.199094
-0.944433 0.26155 0.199094
-0.941618 -0.041302 -0.33414
-0.941618 -0.041302 0.33414
-0.941618 0.041302 -0.33414
-0.941618 0.041302 0.33414
-0.940742 -0.339122 0
-0.940742 0.339122 0
-0.93605 -0.232455 -0.264151
-0.93605 -0.232455 0.264151
-0.93605 0.232455 -0.264151
-0.93605 0.232455 0.264151
-0.93513 -0.1228 -0.332342
-0.93513 -0.1228 0.332342
-0.93513 0.1228 -0.332342
-0.93513 0.1228 0.332342
-0.924305 -0.358229 -0.131655
-0.924305 -0.358229 0.131655
-0.924305 0.358229 -0.131655
-0.924305 0.358229 0.131655
-0.92388 -0.201189 -0.32553
-0.92388 -0.201189 0.32553
-0.92388 0.201189 -0.32553
-0.92388 0.201189 0.32553
-0.922682 -0.330606 -0.198387
-0.922682 -0.330606 0.198387
-0.922682 0.330606 -0.198387
-0.922682 0.330606 0.198387
-0.921919 -0.381721 -0.0659884
-0.921919 -0.381721 0.0659884
-0.921919 0.381721 -0.0659884
-0.921919 0.381721 0.0659884
-0.916244 -0.301259 -0.264083
-0.916244 -0.301259 0.264083
-0.916244 0.301259 -0.264083
-0.916244 0.301259 0.264083
-0.916092 0 -0.400968
-0.916092 0 0.400968
-0.915043 -0.403355 0
-0.915043 0.403355 0
-0.912982 -0.0823236 -0.399607
-0.912982 -0.0823236 0.399607
-0.912982 0.0823236 -0.399607
-0.912982 0.0823236 0.399607
-0.905832 -0.270627 -0.325929
-0.905832 -0.270627 0.325929
-0.905832 0.270627 -0.325929
-0.905832 0.270627 0.325929
-0.904839 -0.161006 -0.394136
-0.904839 -0.161006 0.394136
-0.904839 0.161006 -0.394136
-0.904839 0.161006 0.394136
-0.896801 -0.422364 -0.131749
-0.896801 -0.422364 0.131749
-0.896801 0.422364 -0.131749
-0.896801 0.422364 0.131749
-0.896401 -0.397351 -0.196412
-0.896401 -0.397351 0.196412
-0.896401 0.397351 -0.196412
-0.896401 0.397351 0.196412
-0.892927 -0.445365 -0.0658169
-0.892927 -0.445365 0.0658169
-0.892927 0.445365 -0.0658169
-0.892927 0.445365 0.0658169
-0.891742 -0.368518 -0.262661
-0.891742 -0.368518 0.262661
-0.891742 0.368518 -0.262661
-0.891742 0.368518 0.262661
-0.891007 -0.238677 -0.386187
-0.891007 -0.238677 0.386187
-0.891007 0.238677 -0.386187
-0.891007 0.238677 0.386187
-0.884965 -0.465658 0
-0.884965 0.465658 0
-0.88476 -0.0412992 -0.464213
-0.88476 -0.0412992 0.464213
-0.88476 0.0412992 -0.464213
-0.88476 0.0412992 0.464213
-0.882837 -0.339209 -0.324864
-0.882837 -0.339209 0.324864
-0.882837 0.339209 -0.324864
-0.882837 0.339209 0.324864
-0.879345 -0.119755 -0.460882
-0.879345 -0.119755 0.460882
-0.879345 0.119755 -0.460882
-0.879345 0.119755 0.460882
-0.869725 -0.307659 -0.385906
-0.869725 -0.307659 0.385906
-0.869725 0.307659 -0.385906
-0.869725 0.307659 0.385906
-0.868535 -0.198227 -0.454262
-0.868535 -0.198227 0.454262
-0.868535 0.198227 -0.454262
-0.868535 0.198227 0.454262
-0.865871 -0.460267 -0.196015
-0.865871 -0.460267 0.196015
-0.865871 0.460267 -0.196015
-0.865871 0.460267 0.196015
-0.864929 -0.484442 -0.1312
-0.864929 -0.484442 0.1312
-0.864929 0.484442 -0.1312
-0.864929 0.484442 0.1312
-0.862668 -0.433889 -0.259892
-0.862668 -0.433889 0.259892
-0.862668 0.433889 -0.259892
-0.862668 0.433889 0.259892
-0.859848 -0.506298 -0.0657576
-0.859848 -0.506298 0.0657576
-0.859848 0.506298 -0.0657576
-0.859848 0.506298 0.0657576
-0.855337 -0.405434 -0.322525
-0.855337 -0.405434 0.322525
-0.855337 0.405434 -0.322525
-0.855337 0.405434 0.322525
-0.85264 -0.274694 -0.444464
-0.85264 -0.274694 0.444464
-0.85264 0.274694 -0.444464
-0.85264 0.274694 0.444464
-0.850651 -0.525731 0
-0.850651 0 -0.525731
-0.850651 0 0.525731
-0.850651 0.525731 0
-0.848029 -0.0784591 -0.52411
-0.848029 -0.0784591 0.52411
-0.848029 0.0784591 -0.52411
-0.848029 0.0784591 0.52411
-0.843911 -0.375039 -0.383614
-0.843911 -0.375039 0.383614
-0.843911 0.375039 -0.383614
-0.843911 0.375039 0.383614
-0.840178 -0.156434 -0.519258
-0.840178 -0.156434 0.519258
-0.840178 0.156434 -0.519258
-0.840178 0.156434 0.519258
-0.830812 -0.529135 -0.172532
-0.830812 -0.529135 0.172532
-0.830812 0.529135 -0.172532
-0.830812 0.529135 0.172532
-0.830359 -0.50421 -0.237229
-0.830359 -0.50421 0.237229
-0.830359 0.50421 -0.237229
-0.830359 0.50421 0.237229
-0.828447 -0.342848 -0.442867
-0.828447 -0.342848 0.442867
-0.828447 0.342848 -0.442867
-0.828447 0.342848 0.442867
-0.827147 -0.233445 -0.511205
-0.827147 -0.233445 0.511205
-0.827147 0.233445 -0.511205
-0.827147 0.233445 0.511205
-0.82711 -0.551859 -0.106494
-0.82711 -0.551859 0.106494
-0.82711 0.551859 -0.106494
-0.82711 0.551859 0.106494
-0.825175 -0.476226 -0.303801
-0.825175 -0.476226 0.303801
-0.825175 0.476226 -0.303801
-0.825175 0.476226 0.303801
-0.819207 -0.572056 -0.0406404
-0.819207 -0.572056 0.0406404
-0.819207 0.572056 -0.0406404
-0.819207 0.572056 0.0406404
-0.817523 -0.0406752 -0.574458
-0.817523 -0.0406752 0.574458
-0.817523 0.0406752 -0.574458
-0.817523 0.0406752 0.574458
-0.816233 -0.446977 -0.366027
-0.816233 -0.446977 0.366027
-0.816233 0.446977 -0.366027
-0.816233 0.446977 0.366027
-0.812169 -0.119078 -0.57114
-0.812169 -0.119078 0.57114
-0.812169 0.119078 -0.57114
-0.812169 0.119078 0.57114
-0.809017 -0.309017 -0.5
-0.809017 -0.309017 0.5
-0.809017 0.309017 -0.5
-0.809017 0.309017 0.5
-0.803016 -0.415597 -0.427135
-0.803016 -0.415597 0.427135
-0.803016 0.415597 -0.427135
-0.803016 0.415597 0.427135
-0.801504 -0.197274 -0.564513
-0.801504 -0.197274 0.564513
-0.801504 0.197274 -0.564513
-0.801504 0.197274 0.564513
-0.792649 -0.571252 -0.213023
-0.792649 -0.571252 0.213023
-0.792649 0.571252 -0.213023
-0.792649 0.571252 0.213023
-0.79017 -0.594895 -0.147414
-0.79017 -0.594895 0.147414
-0.79017 0.594895 -0.147414
-0.79017 0.594895 0.147414
-0.790112 -0.545109 -0.280319
-0.790112 -0.545109 0.280319
-0.790112 0.545109 -0.280319
-0.790112 0.545109 0.280319
-0.786433 -0.617676 0
-0.786433 0.617676 0
-0.785899 -0.382683 -0.485712
-0.785899 -0.382683 0.485712
-0.785899 0.382683 -0.485712
-0.785899 0.382683 0.485712
-0.785715 -0.273707 -0.55474
-0.785715 -0.273707 0.55474
-0.785715 0.273707 -0.55474
-0.785715 0.273707 0.55474
-0.783843 -0.615642 -0.0810863
-0.783843 -0.615642 0.0810863
-0.783843 0.615642 -0.0810863
-0.783843 0.615642 0.0810863
-0.783452 -0.516122 -0.346153
-0.783452 -0.516122 0.346153
-0.783452 0.516122 -0.346153
-0.783452 0.516122 0.346153
-0.782786 0 -0.622292
-0.782786 0 0.622292
-0.780204 -0.0811419 -0.62024
-0.780204 -0.0811419 0.62024
-0.780204 0.0811419 -0.62024
-0.780204 0.0811419 0.62024
-0.772575 -0.486241 -0.408286
-0.772575 -0.486241 0.408286
-0.772575 0.486241 -0.408286
-0.772575 0.486241 0.408286
-0.771841 -0.159613 -0.615456
-0.771841 -0.159613 0.615456
-0.771841 0.159613 -0.615456
-0.771841 0.159613 0.615456
-0.760406 -0.341435 -0.552454
-0.760406 -0.341435 0.552454
-0.760406 0.341435 -0.552454
-0.760406 0.341435 0.552454
-0.758652 -0.237086 -0.606825
-0.758652 -0.237086 0.606825
-0.758652 0.237086 -0.606825
-0.758652 0.237086 0.606825
-0.757935 -0.453991 -0.46843
-0.757935 -0.453991 0.46843
-0.757935 0.453991 -0.46843
-0.757935 0.453991 0.46843
-0.749786 -0.634579 -0.187432
-0.749786 -0.634579 0.187432
-0.749786 0.634579 -0.187432
-0.749786 0.634579 0.187432
-0.749435 -0.610926 -0.25518
-0.749435 -0.610926 0.25518
-0.749435 0.610926 -0.25518
-0.749435 0.610926 0.25518
-0.749387 -0.660884 -0.0406421
-0.749387 -0.660884 0.0406421
-0.749387 0.660884 -0.0406421
-0.749387 0.660884 0.0406421
-0.745338 -0.583691 -0.322141
-0.745338 -0.583691 0.322141
-0.745338 0.583691 -0.322141
-0.745338 0.583691 0.322141
-0.744727 -0.656282 -0.121144
-0.744727 -0.656282 0.121144
-0.744727 0.656282 -0.121144
-0.744727 0.656282 0.121144
-0.743496 -0.0406771 -0.667502
-0.743496 -0.0406771 0.667502
-0.743496 0.0406771 -0.667502
-0.743496 0.0406771 0.667502
-0.738886 -0.121193 -0.662842
-0.738886 -0.121193 0.662842
-0.738886 0.121193 -0.662842
-0.738886 0.121193 0.662842
-0.737712 -0.553372 -0.38673
-0.737712 -0.553372 0.38673
-0.737712 0.553372 -0.38673
-0.737712 0.553372 0.38673
-0.735011 -0.414273 -0.536784
-0.735011 -0.414273 0.536784
-0.735011 0.414273 -0.536784
-0.735011 0.414273 0.536784
-0.734794 -0.305212 -0.605742
-0.734794 -0.305212 0.605742
-0.734794 0.305212 -0.605742
-0.734794 0.305212 0.605742
-0.727959 -0.199331 -0.656006
-0.727959 -0.199331 0.656006
-0.727959 0.199331 -0.656006
-0.727959 0.199331 0.656006
-0.725299 -0.522499 -0.448259
-0.725299 -0.522499 0.448259
-0.725299 0.522499 -0.448259
-0.725299 0.522499 0.448259
-0.711282 -0.702907 0
-0.711282 0.702907 0
-0.708969 -0.700622 -0.080573
-0.708969 -0.700622 0.080573
-0.708969 0.700622 -0.080573
-0.708969 0.700622 0.080573
-0.707107 -0.371748 -0.601501
-0.707107 -0.371748 0.601501
-0.707107 0.371748 -0.601501
-0.707107 0.371748 0.601501
-0.705236 -0.267381 -0.65662
-0.705236 -0.267381 0.65662
-0.705236 0.267381 -0.65662
-0.705236 0.267381 0.65662
-0.704471 -0.485208 -0.51797
-0.704471 -0.485208 0.51797
-0.704471 0.485208 -0.51797
-0.704471 0.485208 0.51797
-0.703983 -0.672319 -0.2289
-0.703983 -0.672319 0.2289
-0.703983 0.672319 -0.2289
-0.703983 0.672319 0.2289
-0.702907 0 -0.711282
-0.702907 0 0.711282
-0.70231 -0.647412 -0.296005
-0.70231 -0.647412 0.296005
-0.70231 0.647412 -0.296005
-0.70231 0.647412 0.296005
-0.702046 -0.69378 -0.160622
-0.702046 -0.69378 0.160622
-0.702046 0.69378 -0.160622
-0.702046 0.69378 0.160622
-0.700622 -0.080573 -0.708969
-0.700622 -0.080573 0.708969
-0.700622 0.080573 -0.708969
-0.700622 0.080573 0.708969
-0.697037 -0.619186 -0.361592
-0.697037 -0.619186 0.361592
-0.697037 0.619186 -0.361592
-0.697037 0.619186 0.361592
-0.69378 -0.160622 -0.702046
-0.69378 -0.160622 0.702046
-0.69378 0.160622 -0.702046
-0.69378 0.160622 0.702046
-0.688191 -0.587785 -0.425325
-0.688191 -0.587785 0.425325
-0.688191 0.587785 -0.425325
-0.688191 0.587785 0.425325
-0.678977 -0.443957 -0.584716
-0.678977 -0.443957 0.584716
-0.678977 0.443957 -0.584716
-0.678977 0.443957 0.584716
-0.678913 -0.334692 -0.653497
-0.678913 -0.334692 0.653497
-0.678913 0.334692 -0.653497
-0.678913 0.334692 0.653497
-0.672319 -0.2289 -0.703983
-0.672319 -0.2289 0.703983
-0.672319 0.2289 -0.703983
-0.672319 0.2289 0.703983
-0.669612 -0.552418 -0.496441
-0.669612 -0.552418 0.496441
-0.669612 0.552418 -0.496441
-0.669612 0.552418 0.496441
-0.667502 -0.743496 -0.0406771
-0.667502 -0.743496 0.0406771
-0.667502 0.743496 -0.0406771
-0.667502 0.743496 0.0406771
-0.662842 -0.738886 -0.121193
-0.662842 -0.738886 0.121193
-0.662842 0.738886 -0.121193
-0.662842 0.738886 0.121193
-0.660884 -0.0406421 -0.749387
-0.660884 -0.0406421 0.749387
-0.660884 0.0406421 -0.749387
-0.660884 0.0406421 0.749387
-0.65662 -0.705236 -0.267381
-0.65662 -0.705236 0.267381
-0.65662 0.705236 -0.267381
-0.65662 0.705236 0.267381
-0.656282 -0.121144 -0.744727
-0.656282 -0.121144 0.744727
-0.656282 0.121144 -0.744727
-0.656282 0.121144 0.744727
-0.656006 -0.727959 -0.199331
-0.656006 -0.727959 0.199331
-0.656006 0.727959 -0.199331
-0.656006 0.727959 0.199331
-0.653497 -0.678913 -0.334692
-0.653497 -0.678913 0.334692
-0.653497 0.678913 -0.334692
-0.653497 0.678913 0.334692
-0.649448 -0.399769 -0.64684
-0.649448 -0.399769 0.64684
-0.649448 0.399769 -0.64684
-0.649448 0.399769 0.64684
-0.647412 -0.296005 -0.70231
-0.647412 -0.296005 0.70231
-0.647412 0.296005 -0.70231
-0.647412 0.296005 0.70231
-0.64684 -0.649448 -0.399769
-0.64684 -0.649448 0.399769
-0.64684 0.649448 -0.399769
-0.64684 0.649448 0.399769
-0.646578 -0.513375 -0.564254
-0.646578 -0.513375 0.564254
-0.646578 0.513375 -0.564254
-0.646578 0.513375 0.564254
-0.634579 -0.187432 -0.749786
-0.634579 -0.187432 0.749786
-0.634579 0.187432 -0.749786
-0.634579 0.187432 0.749786
-0.628313 -0.619242 -0.470917
-0.628313 -0.619242 0.470917
-0.628313 0.619242 -0.470917
-0.628313 0.619242 0.470917
-0.622292 -0.782786 0
-0.622292 0.782786 0
-0.62024 -0.780204 -0.0811419
-0.62024 -0.780204 0.0811419
-0.62024 0.780204 -0.0811419
-0.62024 0.780204 0.0811419
-0.619242 -0.470917 -0.628313
-0.619242 -0.470917 0.628313
-0.619242 0.470917 -0.628313
-0.619242 0.470917 0.628313
-0.619186 -0.361592 -0.697037
-0.619186 -0.361592 0.697037
-0.619186 0.361592 -0.697037
-0.619186 0.361592 0.697037
-0.617676 0 -0.786433
-0.617676 0 0.786433
-0.615642 -0.0810863 -0.783843
-0.615642 -0.0810863 0.783843
-0.615642 0.0810863 -0.783843
-0.615642 0.0810863 0.783843
-0.615456 -0.771841 -0.159613
-0.615456 -0.771841 0.159613
-0.615456 0.771841 -0.159613
-0.615456 0.771841 0.159613
-0.610926 -0.25518 -0.749435
-0.610926 -0.25518 0.749435
-0.610926 0.25518 -0.749435
-0.610926 0.25518 0.749435
-0.607478 -0.581952 -0.54065
-0.607478 -0.581952 0.54065
-0.607478 0.581952 -0.54065
-0.607478 0.581952 0.54065
-0.606825 -0.758652 -0.237086
-0.606825 -0.758652 0.237086
-0.606825 0.758652 -0.237086
-0.606825 0.758652 0.237086
-0.605742 -0.734794 -0.305212
-0.605742 -0.734794 0.305212
-0.605742 0.734794 -0.305212
-0.605742 0.734794 0.305212
-0.601501 -0.707107 -0.371748
-0.601501 -0.707107 0.371748
-0.601501 0.707107 -0.371748
-0.601501 0.707107 0.371748
-0.594895 -0.147414 -0.79017
-0.594895 -0.147414 0.79017
-0.594895 0.147414 -0.79017
-0.594895 0.147414 0.79017
-0.587785 -0.425325 -0.688191
-0.587785 -0.425325 0.688191
-0.587785 0.425325 -0.688191
-0.587785 0.425325 0.688191
-0.584716 -0.678977 -0.443957
-0.584716 -0.678977 0.443957
-0.584716 0.678977 -0.443957
-0.584716 0.678977 0.443957
-0.583691 -0.322141 -0.745338
-0.583691 -0.322141 0.745338
-0.583691 0.322141 -0.745338
-0.583691 0.322141 0.745338
-0.581952 -0.54065 -0.607478
-0.581952 -0.54065 0.607478
-0.581952 0.54065 -0.607478
-0.581952 0.54065 0.607478
-0.574458 -0.817523 -0.0406752
-0.574458 -0.817523 0.0406752
-0.574458 0.817523 -0.0406752
-0.574458 0.817523 0.0406752
-0.572056 -0.0406404 -0.819207
-0.572056 -0.0406404 0.819207
-0.572056 0.0406404 -0.819207
-0.572056 0.0406404 0.819207
-0.571252 -0.213023 -0.792649
-0.571252 -0.213023 0.792649
-0.571252 0.213023 -0.792649
-0.571252 0.213023 0.792649
-0.57114 -0.812169 -0.119078
-0.57114 -0.812169 0.119078
-0.57114 0.812169 -0.119078
-0.57114 0.812169 0.119078
-0.564513 -0.801504 -0.197274
-0.564513 -0.801504 0.197274
-0.564513 0.801504 -0.197274
-0.564513 0.801504 0.197274
-0.564254 -0.646578 -0.513375
-0.564254 -0.646578 0.513375
-0.564254 0.646578 -0.513375
-0.564254 0.646578 0.513375
-0.55474 -0.785715 -0.273707
-0.55474 -0.785715 0.273707
-0.55474 0.785715 -0.273707
-0.55474 0.785715 0.273707
-0.553372 -0.38673 -0.737712
-0.553372 -0.38673 0.737712
-0.553372 0.38673 -0.737712
-0.553372 0.38673 0.737712
-0.552454 -0.760406 -0.341435
-0.552454 -0.760406 0.341435
-0.552454 0.760406 -0.341435
-0.552454 0.760406 0.341435
-0.552418 -0.496441 -0.669612
-0.552418 -0.496441 0.669612
-0.552418 0.496441 -0.669612
-0.552418 0.496441 0.669612
-0.551859 -0.106494 -0.82711
-0.551859 -0.106494 0.82711
-0.551859 0.106494 -0.82711
-0.551859 0.106494 0.82711
-0.545109 -0.280319 -0.790112
-0.545109 -0.280319 0.790112
-0.545109 0.280319 -0.790112
-0.545109 0.280319 0.790112
-0.54065 -0.607478 -0.581952
-0.54065 -0.607478 0.581952
-0.54065 0.607478 -0.581952
-0.54065 0.607478 0.581952
-0.536784 -0.735011 -0.414273
-0.536784 -0.735011 0.414273
-0.536784 0.735011 -0.414273
-0.536784 0.735011 0.414273
-0.529135 -0.172532 -0.830812
-0.529135 -0.172532 0.830812
-0.529135 0.172532 -0.830812
-0.529135 0.172532 0.830812
-0.525731 -0.850651 0
-0.525731 0 -0.850651
-0.525731 0 0.850651
-0.525731 0.850651 0
-0.52411 -0.848029 -0.0784591
-0.52411 -0.848029 0.0784591
-0.52411 0.848029 -0.0784591
-0.52411 0.848029 0.0784591
-0.522499 -0.448259 -0.725299
-0.522499 -0.448259 0.725299
-0.522499 0.448259 -0.725299
-0.522499 0.448259 0.725299
-0.519258 -0.840178 -0.156434
-0.519258 -0.840178 0.156434
-0.519258 0.840178 -0.156434
-0.519258 0.840178 0.156434
-0.51797 -0.704471 -0.485208
-0.51797 -0.704471 0.485208
-0.51797 0.704471 -0.485208
-0.51797 0.704471 0.485208
-0.516122 -0.346153 -0.783452
-0.516122 -0.346153 0.783452
-0.516122 0.346153 -0.783452
-0.516122 0.346153 0.783452
-0.513375 -0.564254 -0.646578
-0.513375 -0.564254 0.646578
-0.513375 0.564254 -0.646578
-0.513375 0.564254 0.646578
-0.511205 -0.827147 -0.233445
-0.511205 -0.827147 0.233445
-0.511205 0.827147 -0.233445
-0.511205 0.827147 0.233445
-0.506298 -0.0657576 -0.859848
-0.506298 -0.0657576 0.859848
-0.506298 0.0657576 -0.859848
-0.506298 0.0657576 0.859848
-0.50421 -0.237229 -0.830359
-0.50421 -0.237229 0.830359
-0.50421 0.237229 -0.830359
-0.50421 0.237229 0.830359
-0.5 -0.809017 -0.309017
-0.5 -0.809017 0.309017
-0.5 0.809017 -0.309017
-0.5 0.809017 0.309017
-0.496441 -0.669612 -0.552418
-0.496441 -0.669612 0.552418
-0.496441 0.669612 -0.552418
-0.496441 0.669612 0.552418
-0.486241 -0.408286 -0.772575
-0.486241 -0.408286 0.772575
-0.486241 0.408286 -0.772575
-0.486241 0.408286 0.772575
-0.485712 -0.785899 -0.382683
-0.485712 -0.785899 0.382683
-0.485712 0.785899 -0.382683
-0.485712 0.785899 0.382683
-0.485208 -0.51797 -0.704471
-0.485208 -0.51797 0.704471
-0.485208 0.51797 -0.704471
-0.485208 0.51797 0.704471
-0.484442 -0.1312 -0.864929
-0.484442 -0.1312 0.864929
-0.484442 0.1312 -0.864929
-0.484442 0.1312 0.864929
-0.476226 -0.303801 -0.825175
-0.476226 -0.303801 0.825175
-0.476226 0.303801 -0.825175
-0.476226 0.303801 0.825175
-0.470917 -0.628313 -0.619242
-0.470917 -0.628313 0.619242
-0.470917 0.628313 -0.619242
-0.470917 0.628313 0.619242
-0.46843 -0.757935 -0.453991
-0.46843 -0.757935 0.453991
-0.46843 0.757935 -0.453991
-0.46843 0.757935 0.453991
-0.465658 0 -0.884965
-0.465658 0 0.884965
-0.464213 -0.88476 -0.0412992
-0.464213 -0.88476 0.0412992
-0.464213 0.88476 -0.0412992
-0.464213 0.88476 0.0412992
-0.460882 -0.879345 -0.119755
-0.460882 -0.879345 0.119755
-0.460882 0.879345 -0.119755
-0.460882 0.879345 0.119755
-0.460267 -0.196015 -0.865871
-0.460267 -0.196015 0.865871
-0.460267 0.196015 -0.865871
-0.460267 0.196015 0.865871
-0.454262 -0.868535 -0.198227
-0.454262 -0.868535 0.198227
-0.454262 0.868535 -0.198227
-0.454262 0.868535 0.198227
-0.453991 -0.46843 -0.757935
-0.453991 -0.46843 0.757935
-0.453991 0.46843 -0.757935
-0.453991 0.46843 0.757935
-0.448259 -0.725299 -0.522499
-0.448259 -0.725299 0.522499
-0.448259 0.725299 -0.522499
-0.448259 0.725299 0.522499
-0.446977 -0.366027 -0.816233
-0.446977 -0.366027 0.816233
-0.446977 0.366027 -0.816233
-0.446977 0.366027 0.816233
-0.445365 -0.0658169 -0.892927
-0.445365 -0.0658169 0.892927
-0.445365 0.0658169 -0.892927
-0.445365 0.0658169 0.892927
-0.444464 -0.85264 -0.274694
-0.444464 -0.85264 0.274694
-0.444464 0.85264 -0.274694
-0.444464 0.85264 0.274694
-0.443957 -0.584716 -0.678977
-0.443957 -0.584716 0.678977
-0.443957 0.584716 -0.678977
-0.443957 0.584716 0.678977
-0.442867 -0.828447 -0.342848
-0.442867 -0.828447 0.342848
-0.442867 0.828447 -0.342848
-0.442867 0.828447 0.342848
-0.433889 -0.259892 -0.862668
-0.433889 -0.259892 0.862668
-0.433889 0.259892 -0.862668
-0.433889 0.259892 0.862668
-0.427135 -0.803016 -0.415597
-0.427135 -0.803016 0.415597
-0.427135 0.803016 -0.415597
-0.427135 0.803016 0.415597
-0.425325 -0.688191 -0.587785
-0.425325 -0.688191 0.587785
-0.425325 0.688191 -0.587785
-0.425325 0.688191 0.587785
-0.422364 -0.131749 -0.896801
-0.422364 -0.131749 0.896801
-0.422364 0.131749 -0.896801
-0.422364 0.131749 0.896801
-0.415597 -0.427135 -0.803016
-0.415597 -0.427135 0.803016
-0.415597 0.427135 -0.803016
-0.415597 0.427135 0.803016
-0.414273 -0.536784 -0.735011
-0.414273 -0.536784 0.735011
-0.414273 0.536784 -0.735011
-0.414273 0.536784 0.735011
-0.408286 -0.772575 -0.486241
-0.408286 -0.772575 0.486241
-0.408286 0.772575 -0.486241
-0.408286 0.772575 0.486241
-0.405434 -0.322525 -0.855337
-0.405434 -0.322525 0.855337
-0.405434 0.322525 -0.855337
-0.405434 0.322525 0.855337
-0.403355 0 -0.915043
-0.403355 0 0.915043
-0.400968 -0.916092 0
-0.400968 0.916092 0
-0.399769 -0.64684 -0.649448
-0.399769 -0.64684 0.649448
-0.399769 0.64684 -0.649448
-0.399769 0.64684 0.649448
-0.399607 -0.912982 -0.0823236
-0.399607 -0.912982 0.0823236
-0.399607 0.912982 -0.0823236
-0.399607 0.912982 0.0823236
-0.397351 -0.196412 -0.896401
-0.397351 -0.196412 0.896401
-0.397351 0.196412 -0.896401
-0.397351 0.196412 0.896401
-0.394136 -0.904839 -0.161006
-0.394136 -0.904839 0.161006
-0.394136 0.904839 -0.161006
-0.394136 0.904839 0.161006
-0.38673 -0.737712 -0.553372
-0.38673 -0.737712 0.553372
-0.38673 0.737712 -0.553372
-0.38673 0.737712 0.553372
-0.386187 -0.891007 -0.238677
-0.386187 -0.891007 0.238677
-0.386187 0.891007 -0.238677
-0.386187 0.891007 0.238677
-0.385906 -0.869725 -0.307659
-0.385906 -0.869725 0.307659
-0.385906 0.869725 -0.307659
-0.385906 0.869725 0.307659
-0.383614 -0.843911 -0.375039
-0.383614 -0.843911 0.375039
-0.383614 0.843911 -0.375039
-0.383614 0.843911 0.375039
-0.382683 -0.485712 -0.785899
-0.382683 -0.485712 0.785899
-0.382683 0.485712 -0.785899
-0.382683 0.485712 0.785899
-0.381722 -0.0659884 -0.921919
-0.381722 -0.0659884 0.921919
-0.381722 0.0659884 -0.921919
-0.381722 0.0659884 0.921919
-0.375039 -0.383614 -0.843911
-0.375039 -0.383614 0.843911
-0.375039 0.383614 -0.843911
-0.375039 0.383614 0.843911
-0.371748 -0.601501 -0.707107
-0.371748 -0.601501 0.707107
-0.371748 0.601501 -0.707107
-0.371748 0.601501 0.707107
-0.368518 -0.262661 -0.891742
-0.368518 -0.262661 0.891742
-0.368518 0.262661 -0.891742
-0.368518 0.262661 0.891742
-0.366027 -0.816233 -0.446977
-0.366027 -0.816233 0.446977
-0.366027 0.816233 -0.446977
-0.366027 0.816233 0.446977
-0.361592 -0.697037 -0.619186
-0.361592 -0.697037 0.619186
-0.361592 0.697037 -0.619186
-0.361592 0.697037 0.619186
-0.358229 -0.131655 -0.924305
-0.358229 -0.131655 0.924305
-0.358229 0.131655 -0.924305
-0.358229 0.131655 0.924305
-0.346153 -0.783452 -0.516122
-0.346153 -0.783452 0.516122
-0.346153 0.783452 -0.516122
-0.346153 0.783452 0.516122
-0.342848 -0.442867 -0.828447
-0.342848 -0.442867 0.828447
-0.342848 0.442867 -0.828447
-0.342848 0.442867 0.828447
-0.341435 -0.552454 -0.760406
-0.341435 -0.552454 0.760406
-0.341435 0.552454 -0.760406
-0.341435 0.552454 0.760406
-0.339209 -0.324864 -0.882837
-0.339209 -0.324864 0.882837
-0.339209 0.324864 -0.882837
-0.339209 0.324864 0.882837
-0.339122 0 -0.940742
-0.339122 0 0.940742
-0.334692 -0.653497 -0.678913
-0.334692 -0.653497 0.678913
-0.334692 0.653497 -0.678913
-0.334692 0.653497 0.678913
-0.33414 -0.941618 -0.041302
-0.33414 -0.941618 0.041302
-0.33414 0.941618 -0.041302
-0.33414 0.941618 0.041302
-0.332342 -0.93513 -0.1228
-0.332342 -0.93513 0.1228
-0.332342 0.93513 -0.1228
-0.332342 0.93513 0.1228
-0.330607 -0.198387 -0.922682
-0.330607 -0.198387 0.922682
-0.330607 0.198387 -0.922682
-0.330607 0.198387 0.922682
-0.325929 -0.905832 -0.270627
-0.325929 -0.905832 0.270627
-0.325929 0.905832 -0.270627
-0.325929 0.905832 0.270627
-0.32553 -0.92388 -0.201189
-0.32553 -0.92388 0.201189
-0.32553 0.92388 -0.201189
-0.32553 0.92388 0.201189
-0.324864 -0.882837 -0.339209
-0.324864 -0.882837 0.339209
-0.324864 0.882837 -0.339209
-0.324864 0.882837 0.339209
-0.322525 -0.855337 -0.405434
-0.322525 -0.855337 0.405434
-0.322525 0.855337 -0.405434
-0.322525 0.855337 0.405434
-0.322141 -0.745338 -0.583691
-0.322141 -0.745338 0.583691
-0.322141 0.745338 -0.583691
-0.322141 0.745338 0.583691
-0.316778 -0.0660424 -0.946198
-0.316778 -0.0660424 0.946198
-0.316778 0.0660424 -0.946198
-0.316778 0.0660424 0.946198
-0.309017 -0.5 -0.809017
-0.309017 -0.5 0.809017
-0.309017 0.5 -0.809017
-0.309017 0.5 0.809017
-0.307659 -0.385906 -0.869725
-0.307659 -0.385906 0.869725
-0.307659 0.385906 -0.869725
-0.307659 0.385906 0.869725
-0.305212 -0.605742 -0.734794
-0.305212 -0.605742 0.734794
-0.305212 0.605742 -0.734794
-0.305212 0.605742 0.734794
-0.303801 -0.825175 -0.476226
-0.303801 -0.825175 0.476226
-0.303801 0.825175 -0.476226
-0.303801 0.825175 0.476226
-0.301259 -0.264083 -0.916244
-0.301259 -0.264083 0.916244
-0.301259 0.264083 -0.916244
-0.301259 0.264083 0.916244
-0.296005 -0.70231 -0.647412
-0.296005 -0.70231 0.647412
-0.296005 0.70231 -0.647412
-0.296005 0.70231 0.647412
-0.289929 -0.13257 -0.947822
-0.289929 -0.13257 0.947822
-0.289929 0.13257 -0.947822
-0.289929 0.13257 0.947822
-0.280319 -0.790112 -0.545109
-0.280319 -0.790112 0.545109
-0.280319 0.790112 -0.545109
-0.280319 0.790112 0.545109
-0.274694 -0.444464 -0.85264
-0.274694 -0.444464 0.85264
-0.274694 0.444464 -0.85264
-0.274694 0.444464 0.85264
-0.273707 -0.55474 -0.785715
-0.273707 -0.55474 0.785715
-0.273707 0.55474 -0.785715
-0.273707 0.55474 0.785715
-0.273266 0 -0.961938
-0.273266 0 0.961938
-0.270627 -0.325929 -0.905832
-0.270627 -0.325929 0.905832
-0.270627 0.325929 -0.905832
-0.270627 0.325929 0.905832
-0.267381 -0.65662 -0.705236
-0.267381 -0.65662 0.705236
-0.267381 0.65662 -0.705236
-0.267381 0.65662 0.705236
-0.266405 -0.963861 0
-0.266405 0.963861 0
-0.265518 -0.960655 -0.0815011
-0.265518 -0.960655 0.0815011
-0.265518 0.960655 -0.0815011
-0.265518 0.960655 0.0815011
-0.264151 -0.93605 -0.232455
-0.264151 -0.93605 0.232455
-0.264151 0.93605 -0.232455
-0.264151 0.93605 0.232455
-0.264083 -0.916244 -0.301259
-0.264083 -0.916244 0.301259
-0.264083 0.916244 -0.301259
-0.264083 0.916244 0.301259
-0.262866 -0.951057 -0.16246
-0.262866 -0.951057 0.16246
-0.262866 0.951057 -0.16246
-0.262866 0.951057 0.16246
-0.262661 -0.891742 -0.368518
-0.262661 -0.891742 0.368518
-0.262661 0.891742 -0.368518
-0.262661 0.891742 0.368518
-0.26155 -0.199094 -0.944433
-0.26155 -0.199094 0.944433
-0.26155 0.199094 -0.944433
-0.26155 0.199094 0.944433
-0.259892 -0.862668 -0.433889
-0.259892 -0.862668 0.433889
-0.259892 0.862668 -0.433889
-0.259892 0.862668 0.433889
-0.25518 -0.749435 -0.610926
-0.25518 -0.749435 0.610926
-0.25518 0.749435 -0.610926
-0.25518 0.749435 0.610926
-0.247326 -0.0665669 -0.966643
-0.247326 -0.0665669 0.966643
-0.247326 0.0665669 -0.966643
-0.247326 0.0665669 0.966643
-0.238677 -0.386187 -0.891007
-0.238677 -0.386187 0.891007
-0.238677 0.386187 -0.891007
-0.238677 0.386187 0.891007
-0.237229 -0.830359 -0.504209
-0.237229 -0.830359 0.504209
-0.237229 0.830359 -0.504209
-0.237229 0.830359 0.504209
-0.237086 -0.606825 -0.758652
-0.237086 -0.606825 0.758652
-0.237086 0.606825 -0.758652
-0.237086 0.606825 0.758652
-0.233445 -0.511205 -0.827147
-0.233445 -0.511205 0.827147
-0.233445 0.511205 -0.827147
-0.233445 0.511205 0.827147
-0.232455 -0.264151 -0.93605
-0.232455 -0.264151 0.93605
-0.232455 0.264151 -0.93605
-0.232455 0.264151 0.93605
-0.2289 -0.703983 -0.672319
-0.2289 -0.703983 0.672319
-0.2289 0.703983 -0.672319
-0.2289 0.703983 0.672319
-0.220117 -0.132792 -0.966393
-0.220117 -0.132792 0.966393
-0.220117 0.132792 -0.966393
-0.220117 0.132792 0.966393
-0.213023 -0.792649 -0.571252
-0.213023 -0.792649 0.571252
-0.213023 0.792649 -0.571252
-0.213023 0.792649 0.571252
-0.206103 0 -0.97853
-0.206103 0 0.97853
-0.201189 -0.32553 -0.92388
-0.201189 -0.32553 0.92388
-0.201189 0.32553 -0.92388
-0.201189 0.32553 0.92388
-0.200368 -0.978852 -0.0412509
-0.200368 -0.978852 0.0412509
-0.200368 0.978852 -0.0412509
-0.200368 0.978852 0.0412509
-0.199331 -0.656006 -0.727959
-0.199331 -0.656006 0.727959
-0.199331 0.656006 -0.727959
-0.199331 0.656006 0.727959
-0.199094 -0.944433 -0.26155
-0.199094 -0.944433 0.26155
-0.199094 0.944433 -0.26155
-0.199094 0.944433 0.26155
-0.198581 -0.97237 -0.122729
-0.198581 -0.97237 0.122729
-0.198581 0.97237 -0.122729
-0.198581 0.97237 0.122729
-0.198387 -0.922682 -0.330607
-0.198387 -0.922682 0.330607
-0.198387 0.922682 -0.330607
-0.198387 0.922682 0.330607
-0.198337 -0.961188 -0.19178
-0.198337 -0.961188 0.19178
-0.198337 0.961188 -0.19178
-0.198337 0.961188 0.19178
-0.198227 -0.454262 -0.868535
-0.198227 -0.454262 0.868535
-0.198227 0.454262 -0.868535
-0.198227 0.454262 0.868535
-0.197274 -0.564513 -0.801504
-0.197274 -0.564513 0.801504
-0.197274 0.564513 -0.801504
-0.197274 0.564513 0.801504
-0.196412 -0.896401 -0.397351
-0.196412 -0.896401 0.397351
-0.196412 0.896401 -0.397351
-0.196412 0.896401 0.397351
-0.196015 -0.865871 -0.460267
-0.196015 -0.865871 0.460267
-0.196015 0.865871 -0.460267
-0.196015 0.865871 0.460267
-0.19178 -0.198337 -0.961188
-0.19178 -0.198337 0.961188
-0.19178 0.198337 -0.961188
-0.19178 0.198337 0.961188
-0.187432 -0.749786 -0.634579
-0.187432 -0.749786 0.634579
-0.187432 0.749786 -0.634579
-0.187432 0.749786 0.634579
-0.179596 -0.0666044 -0.981483
-0.179596 -0.0666044 0.981483
-0.179596 0.0666044 -0.981483
-0.179596 0.0666044 0.981483
-0.172532 -0.830812 -0.529135
-0.172532 -0.830812 0.529135
-0.172532 0.830812 -0.529135
-0.172532 0.830812 0.529135
-0.16246 -0.262866 -0.951057
-0.16246 -0.262866 0.951057
-0.16246 0.262866 -0.951057
-0.16246 0.262866 0.951057
-0.161006 -0.394136 -0.904839
-0.161006 -0.394136 0.904839
-0.161006 0.394136 -0.904839
-0.161006 0.394136 0.904839
-0.160622 -0.702047 -0.69378
-0.160622 -0.702047 0.69378
-0.160622 0.702047 -0.69378
-0.160622 0.702047 0.69378
-0.159613 -0.615456 -0.771841
-0.159613 -0.615456 0.771841
-0.159613 0.615456 -0.771841
-0.159613 0.615456 0.771841
-0.156434 -0.519258 -0.840178
-0.156434 -0.519258 0.840178
-0.156434 0.519258 -0.840178
-0.156434 0.519258 0.840178
-0.151549 -0.133256 -0.979426
-0.151549 -0.133256 0.979426
-0.151549 0.133256 -0.979426
-0.151549 0.133256 0.979426
-0.147414 -0.79017 -0.594895
-0.147414 -0.79017 0.594895
-0.147414 0.79017 -0.594895
-0.147414 0.79017 0.594895
-0.137952 0 -0.990439
-0.137952 0 0.990439
-0.133523 -0.991046 0
-0.133523 0.991046 0
-0.133256 -0.979426 -0.151549
-0.133256 -0.979426 0.151549
-0.133256 0.979426 -0.151549
-0.133256 0.979426 0.151549
-0.133071 -0.987688 -0.0822425
-0.133071 -0.987688 0.0822425
-0.133071 0.987688 -0.0822425
-0.133071 0.987688 0.0822425
-0.132792 -0.966393 -0.220117
-0.132792 -0.966393 0.220117
-0.132792 0.966393 -0.220117
-0.132792 0.966393 0.220117
-0.13257 -0.947822 -0.289929
-0.13257 -0.947822 0.289929
-0.13257 0.947822 -0.289929
-0.13257 0.947822 0.289929
-0.131749 -0.896801 -0.422364
-0.131749 -0.896801 0.422364
-0.131749 0.896801 -0.422364
-0.131749 0.896801 0.422364
-0.131655 -0.924305 -0.358229
-0.131655 -0.924305 0.358229
-0.131655 0.924305 -0.358229
-0.131655 0.924305 0.358229
-0.1312 -0.864929 -0.484442
-0.1312 -0.864929 0.484442
-0.1312 0.864929 -0.484442
-0.1312 0.864929 0.484442
-0.1228 -0.332342 -0.93513
-0.1228 -0.332342 0.93513
-0.1228 0.332342 -0.93513
-0.1228 0.332342 0.93513
-0.122729 -0.198581 -0.97237
-0.122729 -0.198581 0.97237
-0.122729 0.198581 -0.97237
-0.122729 0.198581 0.97237
-0.121193 -0.662842 -0.738886
-0.121193 -0.662842 0.738886
-0.121193 0.662842 -0.738886
-0.121193 0.662842 0.738886
-0.121144 -0.744727 -0.656282
-0.121144 -0.744727 0.656282
-0.121144 0.744727 -0.656282
-0.121144 0.744727 0.656282
-0.119755 -0.460882 -0.879345
-0.119755 -0.460882 0.879345
-0.119755 0.460882 -0.879345
-0.119755 0.460882 0.879345
-0.119078 -0.57114 -0.812169
-0.119078 -0.57114 0.812169
-0.119078 0.57114 -0.812169
-0.119078 0.57114 0.812169
-0.110385 -0.0667094 -0.991648
-0.110385 -0.0667094 0.991648
-0.110385 0.0667094 -0.991648
-0.110385 0.0667094 0.991648
-0.106494 -0.82711 -0.551859
-0.106494 -0.82711 0.551859
-0.106494 0.82711 -0.551859
-0.106494 0.82711 0.551859
-0.0823236 -0.399607 -0.912982
-0.0823236 -0.399607 0.912982
-0.0823236 0.399607 -0.912982
-0.0823236 0.399607 0.912982
-0.0822425 -0.133071 -0.987688
-0.0822425 -0.133071 0.987688
-0.0822425 0.133071 -0.987688
-0.0822425 0.133071 0.987688
-0.0815011 -0.265518 -0.960655
-0.0815011 -0.265518 0.960655
-0.0815011 0.265518 -0.960655
-0.0815011 0.265518 0.960655
-0.0811419 -0.62024 -0.780204
-0.0811419 -0.62024 0.780204
-0.0811419 0.62024 -0.780204
-0.0811419 0.62024 0.780204
-0.0810863 -0.783843 -0.615642
-0.0810863 -0.783843 0.615642
-0.0810863 0.783843 -0.615642
-0.0810863 0.783843 0.615642
-0.080573 -0.708969 -0.700622
-0.080573 -0.708969 0.700622
-0.080573 0.708969 -0.700622
-0.080573 0.708969 0.700622
-0.0784591 -0.52411 -0.848029
-0.0784591 -0.52411 0.848029
-0.0784591 0.52411 -0.848029
-0.0784591 0.52411 0.848029
-0.0691416 0 -0.997607
-0.0691416 0 0.997607
-0.0667413 -0.996917 -0.0412484
-0.0667413 -0.996917 0.0412484
-0.0667413 0.996917 -0.0412484
-0.0667413 0.996917 0.0412484
-0.0667094 -0.991648 -0.110385
-0.0667094 -0.991648 0.110385
-0.0667094 0.991648 -0.110385
-0.0667094 0.991648 0.110385
-0.0666044 -0.981483 -0.179596
-0.0666044 -0.981483 0.179596
-0.0666044 0.981483 -0.179596
-0.0666044 0.981483 0.179596
-0.0665669 -0.966643 -0.247326
-0.0665669 -0.966643 0.247326
-0.0665669 0.966643 -0.247326
-0.0665669 0.966643 0.247326
-0.0660424 -0.946198 -0.316778
-0.0660424 -0.946198 0.316778
-0.0660424 0.946198 -0.316778
-0.0660424 0.946198 0.316778
-0.0659884 -0.921919 -0.381722
-0.0659884 -0.921919 0.381722
-0.0659884 0.921919 -0.381722
-0.0659884 0.921919 0.381722
-0.0658169 -0.892927 -0.445365
-0.0658169 -0.892927 0.445365
-0.0658169 0.892927 -0.445365
-0.0658169 0.892927 0.445365
-0.0657576 -0.859848 -0.506298
-0.0657576 -0.859848 0.506298
-0.0657576 0.859848 -0.506298
-0.0657576 0.859848 0.506298
-0.041302 -0.33414 -0.941618
-0.041302 -0.33414 0.941618
-0.041302 0.33414 -0.941618
-0.041302 0.33414 0.941618
-0.0412992 -0.464213 -0.88476
-0.0412992 -0.464213 0.88476
-0.0412992 0.464213 -0.88476
-0.0412992 0.464213 0.88476
-0.0412509 -0.200368 -0.978852
-0.0412509 -0.200368 0.978852
-0.0412509 0.200368 -0.978852
-0.0412509 0.200368 0.978852
-0.0412484 -0.0667413 -0.996917
-0.0412484 -0.0667413 0.996917
-0.0412484 0.0667413 -0.996917
-0.0412484 0.0667413 0.996917
-0.0406771 -0.667502 -0.743496
-0.0406771 -0.667502 0.743496
-0.0406771 0.667502 -0.743496
-0.0406771 0.667502 0.743496
-0.0406752 -0.574458 -0.817523
-0.0406752 -0.574458 0.817523
-0.0406752 0.574458 -0.817523
-0.0406752 0.574458 0.817523
-0.0406421 -0.749387 -0.660884
-0.0406421 -0.749387 0.660884
-0.0406421 0.749387 -0.660884
-0.0406421 0.749387 0.660884
-0.0406404 -0.819207 -0.572056
-0.0406404 -0.819207 0.572056
-0.0406404 0.819207 -0.572056
-0.0406404 0.819207 0.572056
0 -1 0
0 -0.997607 -0.0691416
0 -0.997607 0.0691416
0 -0.990439 -0.137952
0 -0.990439 0.137952
0 -0.97853 -0.206103
0 -0.97853 0.206103
0 -0.961938 -0.273266
0 -0.961938 0.273266
0 -0.940742 -0.339122
0 -0.940742 0.339122
0 -0.915043 -0.403355
0 -0.915043 0.403355
0 -0.884965 -0.465658
0 -0.884965 0.465658
0 -0.850651 -0.525731
0 -0.850651 0.525731
0 -0.786433 -0.617676
0 -0.786433 0.617676
0 -0.711282 -0.702907
0 -0.711282 0.702907
0 -0.622292 -0.782786
0 -0.622292 0.782786
0 -0.525731 -0.850651
0 -0.525731 0.850651
0 -0.400968 -0.916092
0 -0.400968 0.916092
0 -0.266405 -0.963861
0 -0.266405 0.963861
0 -0.133523 -0.991046
0 -0.133523 0.991046
0 0 -1
0 0 1
0 0.133523 -0.991046
0 0.133523 0.991046
0 0.266405 -0.963861
0 0.266405 0.963861
0 0.400968 -0.916092
0 0.400968 0.916092
0 0.525731 -0.850651
0 0.525731 0.850651
0 0.622292 -0.782786
0 0.622292 0.782786
0 0.711282 -0.702907
0 0.711282 0.702907
0 0.786433 -0.617676
0 0.786433 0.617676
0 0.850651 -0.525731
0 0.850651 0.525731
0 0.884965 -0.465658
0 0.884965 0.465658
0 0.915043 -0.403355
0 0.915043 0.403355
0 0.940742 -0.339122
0 0.940742 0.339122
0 0.961938 -0.273266
0 0.961938 0.273266
0 0.97853 -0.206103
0 0.97853 0.206103
0 0.990439 -0.137952
0 0.990439 0.137952
0 0.997607 -0.0691416
0 0.997607 0.0691416
0 1 0
0.0406404 -0.819207 -0.572056
0.0406404 -0.819207 0.572056
0.0406404 0.819207 -0.572056
0.0406404 0.819207 0.572056
0.0406421 -0.749387 -0.660884
0.0406421 -0.749387 0.660884
0.0406421 0.749387 -0.660884
0.0406421 0.749387 0.660884
0.0406752 -0.574458 -0.817523
0.0406752 -0.574458 0.817523
0.0406752 0.574458 -0.817523
0.0406752 0.574458 0.817523
0.0406771 -0.667502 -0.743496
0.0406771 -0.667502 0.743496
0.0406771 0.667502 -0.743496
0.0406771 0.667502 0.743496
0.0412484 -0.0667413 -0.996917
0.0412484 -0.0667413 0.996917
0.0412484 0.0667413 -0.996917
0.0412484 0.0667413 0.996917
0.0412509 -0.200368 -0.978852
0.0412509 -0.200368 0.978852
0.0412509 0.200368 -0.978852
0.0412509 0.200368 0.978852
0.0412992 -0.464213 -0.88476
0.0412992 -0.464213 0.88476
0.0412992 0.464213 -0.88476
0.0412992 0.464213 0.88476
0.041302 -0.33414 -0.941618
0.041302 -0.33414 0.941618
0.041302 0.33414 -0.941618
0.041302 0.33414 0.941618
0.0657576 -0.859848 -0.506298
0.0657576 -0.859848 0.506298
0.0657576 0.859848 -0.506298
0.0657576 0.859848 0.506298
0.0658169 -0.892927 -0.445365
0.0658169 -0.892927 0.445365
0.0658169 0.892927 -0.445365
0.0658169 0.892927 0.445365
0.0659884 -0.921919 -0.381722
0.0659884 -0.921919 0.381722
0.0659884 0.921919 -0.381722
0.0659884 0.921919 0.381722
0.0660424 -0.946198 -0.316778
0.0660424 -0.946198 0.316778
0.0660424 0.946198 -0.316778
0.0660424 0.946198 0.316778
0.0665669 -0.966643 -0.247326
0.0665669 -0.966643 0.247326
0.0665669 0.966643 -0.247326
0.0665669 0.966643 0.247326
0.0666044 -0.981483 -0.179596
0.0666044 -0.981483 0.179596
0.0666044 0.981483 -0.179596
0.0666044 0.981483 0.179596
0.0667094 -0.991648 -0.110385
0.0667094 -0.991648 0.110385
0.0667094 0.991648 -0.110385
0.0667094 0.991648 0.110385
0.0667413 -0.996917 -0.0412484
0.0667413 -0.996917 0.0412484
0.0667413 0.996917 -0.0412484
0.0667413 0.996917 0.0412484
0.0691416 0 -0.997607
0.0691416 0 0.997607
0.0784591 -0.52411 -0.848029
0.0784591 -0.52411 0.848029
0.0784591 0.52411 -0.848029
0.0784591 0.52411 0.848029
0.080573 -0.708969 -0.700622
0.080573 -0.708969 0.700622
0.080573 0.708969 -0.700622
0.080573 0.708969 0.700622
0.0810863 -0.783843 -0.615642
0.0810863 -0.783843 0.615642
0.0810863 0.783843 -0.615642
0.0810863 0.783843 0.615642
0.0811419 -0.62024 -0.780204
0.0811419 -0.62024 0.780204
0.0811419 0.62024 -0.780204
0.0811419 0.62024 0.780204
0.0815011 -0.265518 -0.960655
0.0815011 -0.265518 0.960655
0.0815011 0.265518 -0.960655
0.0815011 0.265518 0.960655
0.0822425 -0.133071 -0.987688
0.0822425 -0.133071 0.987688
0.0822425 0.133071 -0.987688
0.0822425 0.133071 0.987688
0.0823236 -0.399607 -0.912982
0.0823236 -0.399607 0.912982
0.0823236 0.399607 -0.912982
0.0823236 0.399607 0.912982
0.106494 -0.82711 -0.551859
0.106494 -0.82711 0.551859
0.106494 0.82711 -0.551859
0.106494 0.82711 0.551859
0.110385 -0.0667094 -0.991648
0.110385 -0.0667094 0.991648
0.110385 0.0667094 -0.991648
0.110385 0.0667094 0.991648
0.119078 -0.57114 -0.812169
0.119078 -0.57114 0.812169
0.119078 0.57114 -0.812169
0.119078 0.57114 0.812169
0.119755 -0.460882 -0.879345
0.119755 -0.460882 0.879345
0.119755 0.460882 -0.879345
0.119755 0.460882 0.879345
0.121144 -0.744727 -0.656282
0.121144 -0.744727 0.656282
0.121144 0.744727 -0.656282
0.121144 0.744727 0.656282
0.121193 -0.662842 -0.738886
0.121193 -0.662842 0.738886
0.121193 0.662842 -0.738886
0.121193 0.662842 0.738886
0.122729 -0.198581 -0.97237
0.122729 -0.198581 0.97237
0.122729 0.198581 -0.97237
0.122729 0.198581 0.97237
0.1228 -0.332342 -0.93513
0.1228 -0.332342 0.93513
0.1228 0.332342 -0.93513
0.1228 0.332342 0.93513
0.1312 -0.864929 -0.484442
0.1312 -0.864929 0.484442
0.1312 0.864929 -0.484442
0.1312 0.864929 0.484442
0.131655 -0.924305 -0.358229
0.131655 -0.924305 0.358229
0.131655 0.924305 -0.358229
0.131655 0.924305 0.358229
0.131749 -0.896801 -0.422364
0.131749 -0.896801 0.422364
0.131749 0.896801 -0.422364
0.131749 0.896801 0.422364
0.13257 -0.947822 -0.289929
0.13257 -0.947822 0.289929
0.13257 0.947822 -0.289929
0.13257 0.947822 0.289929
0.132792 -0.966393 -0.220117
0.132792 -0.966393 0.220117
0.132792 0.966393 -0.220117
0.132792 0.966393 0.220117
0.133071 -0.987688 -0.0822425
0.133071 -0.987688 0.0822425
0.133071 0.987688 -0.0822425
0.133071 0.987688 0.0822425
0.133256 -0.979426 -0.151549
0.133256 -0.979426 0.151549
0.133256 0.979426 -0.151549
0.133256 0.979426 0.151549
0.133523 -0.991046 0
0.133523 0.991046 0
0.137952 0 -0.990439
0.137952 0 0.990439
0.147414 -0.79017 -0.594895
0.147414 -0.79017 0.594895
0.147414 0.79017 -0.594895
0.147414 0.79017 0.594895
0.151549 -0.133256 -0.979426
0.151549 -0.133256 0.979426
0.151549 0.133256 -0.979426
0.151549 0.133256 0.979426
0.156434 -0.519258 -0.840178
0.156434 -0.519258 0.840178
0.156434 0.519258 -0.840178
0.156434 0.519258 0.840178
0.159613 -0.615456 -0.771841
0.159613 -0.615456 0.771841
0.159613 0.615456 -0.771841
0.159613 0.615456 0.771841
0.160622 -0.702047 -0.69378
0.160622 -0.702047 0.69378
0.160622 0.702047 -0.69378
0.160622 0.702047 0.69378
0.161006 -0.394136 -0.904839
0.161006 -0.394136 0.904839
0.161006 0.394136 -0.904839
0.161006 0.394136 0.904839
0.16246 -0.262866 -0.951057
0.16246 -0.262866 0.951057
0.16246 0.262866 -0.951057
0.16246 0.262866 0.951057
0.172532 -0.830812 -0.529135
0.172532 -0.830812 0.529135
0.172532 0.830812 -0.529135
0.172532 0.830812 0.529135
0.179596 -0.0666044 -0.981483
0.179596 -0.0666044 0.981483
0.179596 0.0666044 -0.981483
0.179596 0.0666044 0.981483
0.187432 -0.749786 -0.634579
0.187432 -0.749786 0.634579
0.187432 0.749786 -0.634579
0.187432 0.749786 0.634579
0.19178 -0.198337 -0.961188
0.19178 -0.198337 0.961188
0.19178 0.198337 -0.961188
0.19178 0.198337 0.961188
0.196015 -0.865871 -0.460267
0.196015 -0.865871 0.460267
0.196015 0.865871 -0.460267
0.196015 0.865871 0.460267
0.196412 -0.896401 -0.397351
0.196412 -0.896401 0.397351
0.196412 0.896401 -0.397351
0.196412 0.896401 0.397351
0.197274 -0.564513 -0.801504
0.197274 -0.564513 0.801504
0.197274 0.564513 -0.801504
0.197274 0.564513 0.801504
0.198227 -0.454262 -0.868535
0.198227 -0.454262 0.868535
0.198227 0.454262 -0.868535
0.198227 0.454262 0.868535
0.198337 -0.961188 -0.19178
0.198337 -0.961188 0.19178
0.198337 0.961188 -0.19178
0.198337 0.961188 0.19178
0.198387 -0.922682 -0.330607
0.198387 -0.922682 0.330607
0.198387 0.922682 -0.330607
0.198387 0.922682 0.330607
0.198581 -0.97237 -0.122729
0.198581 -0.97237 0.122729
0.198581 0.97237 -0.122729
0.198581 0.97237 0.122729
0.199094 -0.944433 -0.26155
0.199094 -0.944433 0.26155
0.199094 0.944433 -0.26155
0.199094 0.944433 0.26155
0.199331 -0.656006 -0.727959
0.199331 -0.656006 0.727959
0.199331 0.656006 -0.727959
0.199331 0.656006 0.727959
0.200368 -0.978852 -0.0412509
0.200368 -0.978852 0.0412509
0.200368 0.978852 -0.0412509
0.200368 0.978852 0.0412509
0.201189 -0.32553 -0.92388
0.201189 -0.32553 0.92388
0.201189 0.32553 -0.92388
0.201189 0.32553 0.92388
0.206103 0 -0.97853
0.206103 0 0.97853
0.213023 -0.792649 -0.571252
0.213023 -0.792649 0.571252
0.213023 0.792649 -0.571252
0.213023 0.792649 0.571252
0.220117 -0.132792 -0.966393
0.220117 -0.132792 0.966393
0.220117 0.132792 -0.966393
0.220117 0.132792 0.966393
0.2289 -0.703983 -0.672319
0.2289 -0.703983 0.672319
0.2289 0.703983 -0.672319
0.2289 0.703983 0.672319
0.232455 -0.264151 -0.93605
0.232455 -0.264151 0.93605
0.232455 0.264151 -0.93605
0.232455 0.264151 0.93605
0.233445 -0.511205 -0.827147
0.233445 -0.511205 0.827147
0.233445 0.511205 -0.827147
0.233445 0.511205 0.827147
0.237086 -0.606825 -0.758652
0.237086 -0.606825 0.758652
0.237086 0.606825 -0.758652
0.237086 0.606825 0.758652
0.237229 -0.830359 -0.504209
0.237229 -0.830359 0.504209
0.237229 0.830359 -0.504209
0.237229 0.830359 0.504209
0.238677 -0.386187 -0.891007
0.238677 -0.386187 0.891007
0.238677 0.386187 -0.891007
0.238677 0.386187 0.891007
0.247326 -0.0665669 -0.966643
0.247326 -0.0665669 0.966643
0.247326 0.0665669 -0.966643
0.247326 0.0665669 0.966643
0.25518 -0.749435 -0.610926
0.25518 -0.749435 0.610926
0.25518 0.749435 -0.610926
0.25518 0.749435 0.610926
0.259892 -0.862668 -0.433889
0.259892 -0.862668 0.433889
0.259892 0.862668 -0.433889
0.259892 0.862668 0.433889
0.26155 -0.199094 -0.944433
0.26155 -0.199094 0.944433
0.26155 0.199094 -0.944433
0.26155 0.199094 0.944433
0.262661 -0.891742 -0.368518
0.262661 -0.891742 0.368518
0.262661 0.891742 -0.368518
0.262661 0.891742 0.368518
0.262866 -0.951057 -0.16246
0.262866 -0.951057 0.16246
0.262866 0.951057 -0.16246
0.262866 0.951057 0.16246
0.264083 -0.916244 -0.301259
0.264083 -0.916244 0.301259
0.264083 0.916244 -0.301259
0.264083 0.916244 0.301259
0.264151 -0.93605 -0.232455
0.264151 -0.93605 0.232455
0.264151 0.93605 -0.232455
0.264151 0.93605 0.232455
0.265518 -0.960655 -0.0815011
0.265518 -0.960655 0.0815011
0.265518 0.960655 -0.0815011
0.265518 0.960655 0.0815011
0.266405 -0.963861 0
0.266405 0.963861 0
0.267381 -0.65662 -0.705236
0.267381 -0.65662 0.705236
0.267381 0.65662 -0.705236
0.267381 0.65662 0.705236
0.270627 -0.325929 -0.905832
0.270627 -0.325929 0.905832
0.270627 0.325929 -0.905832
0.270627 0.325929 0.905832
0.273266 0 -0.961938
0.273266 0 0.961938
0.273707 -0.55474 -0.785715
0.273707 -0.55474 0.785715
0.273707 0.55474 -0.785715
0.273707 0.55474 0.785715
0.274694 -0.444464 -0.85264
0.274694 -0.444464 0.85264
0.274694 0.444464 -0.85264
0.274694 0.444464 0.85264
0.280319 -0.790112 -0.545109
0.280319 -0.790112 0.545109
0.280319 0.790112 -0.545109
0.280319 0.790112 0.545109
0.289929 -0.13257 -0.947822
0.289929 -0.13257 0.947822
0.289929 0.13257 -0.947822
0.289929 0.13257 0.947822
0.296005 -0.70231 -0.647412
0.296005 -0.70231 0.647412
0.296005 0.70231 -0.647412
0.296005 0.70231 0.647412
0.301259 -0.264083 -0.916244
0.301259 -0.264083 0.916244
0.301259 0.264083 -0.916244
0.301259 0.264083 0.916244
0.303801 -0.825175 -0.476226
0.303801 -0.825175 0.476226
0.303801 0.825175 -0.476226
0.303801 0.825175 0.476226
0.305212 -0.605742 -0.734794
0.305212 -0.605742 0.734794
0.305212 0.605742 -0.734794
0.305212 0.605742 0.734794
0.307659 -0.385906 -0.869725
0.307659 -0.385906 0.869725
0.307659 0.385906 -0.869725
0.307659 0.385906 0.869725
0.309017 -0.5 -0.809017
0.309017 -0.5 0.809017
0.309017 0.5 -0.809017
0.309017 0.5 0.809017
0.316778 -0.0660424 -0.946198
0.316778 -0.0660424 0.946198
0.316778 0.0660424 -0.946198
0.316778 0.0660424 0.946198
0.322141 -0.745338 -0.583691
0.322141 -0.745338 0.583691
0.322141 0.745338 -0.583691
0.322141 0.745338 0.583691
0.322525 -0.855337 -0.405434
0.322525 -0.855337 0.405434
0.322525 0.855337 -0.405434
0.322525 0.855337 0.405434
0.324864 -0.882837 -0.339209
0.324864 -0.882837 0.339209
0.324864 0.882837 -0.339209
0.324864 0.882837 0.339209
0.32553 -0.92388 -0.201189
0.32553 -0.92388 0.201189
0.32553 0.92388 -0.201189
0.32553 0.92388 0.201189
0.325929 -0.905832 -0.270627
0.325929 -0.905832 0.270627
0.325929 0.905832 -0.270627
0.325929 0.905832 0.270627
0.330607 -0.198387 -0.922682
0.330607 -0.198387 0.922682
0.330607 0.198387 -0.922682
0.330607 0.198387 0.922682
0.332342 -0.93513 -0.1228
0.332342 -0.93513 0.1228
0.332342 0.93513 -0.1228
0.332342 0.93513 0.1228
0.33414 -0.941618 -0.041302
0.33414 -0.941618 0.041302
0.33414 0.941618 -0.041302
0.33414 0.941618 0.041302
0.334692 -0.653497 -0.678913
0.334692 -0.653497 0.678913
0.334692 0.653497 -0.678913
0.334692 0.653497 0.678913
0.339122 0 -0.940742
0.339122 0 0.940742
0.339209 -0.324864 -0.882837
0.339209 -0.324864 0.882837
0.339209 0.324864 -0.882837
0.339209 0.324864 0.882837
0.341435 -0.552454 -0.760406
0.341435 -0.552454 0.760406
0.341435 0.552454 -0.760406
0.341435 0.552454 0.760406
0.342848 -0.442867 -0.828447
0.342848 -0.442867 0.828447
0.342848 0.442867 -0.828447
0.342848 0.442867 0.828447
0.346153 -0.783452 -0.516122
0.346153 -0.783452 0.516122
0.346153 0.783452 -0.516122
0.346153 0.783452 0.516122
0.358229 -0.131655 -0.924305
0.358229 -0.131655 0.924305
0.358229 0.131655 -0.924305
0.358229 0.131655 0.924305
0.361592 -0.697037 -0.619186
0.361592 -0.697037 0.619186
0.361592 0.697037 -0.619186
0.361592 0.697037 0.619186
0.366027 -0.816233 -0.446977
0.366027 -0.816233 0.446977
0.366027 0.816233 -0.446977
0.366027 0.816233 0.446977
0.368518 -0.262661 -0.891742
0.368518 -0.262661 0.891742
0.368518 0.262661 -0.891742
0.368518 0.262661 0.891742
0.371748 -0.601501 -0.707107
0.371748 -0.601501 0.707107
0.371748 0.601501 -0.707107
0.371748 0.601501 0.707107
0.375039 -0.383614 -0.843911
0.375039 -0.383614 0.843911
0.375039 0.383614 -0.843911
0.375039 0.383614 0.843911
0.381722 -0.0659884 -0.921919
0.381722 -0.0659884 0.921919
0.381722 0.0659884 -0.921919
0.381722 0.0659884 0.921919
0.382683 -0.485712 -0.785899
0.382683 -0.485712 0.785899
0.382683 0.485712 -0.785899
0.382683 0.485712 0.785899
0.383614 -0.843911 -0.375039
0.383614 -0.843911 0.375039
0.383614 0.843911 -0.375039
0.383614 0.843911 0.375039
0.385906 -0.869725 -0.307659
0.385906 -0.869725 0.307659
0.385906 0.869725 -0.307659
0.385906 0.869725 0.307659
0.386187 -0.891007 -0.238677
0.386187 -0.891007 0.238677
0.386187 0.891007 -0.238677
0.386187 0.891007 0.238677
0.38673 -0.737712 -0.553372
0.38673 -0.737712 0.553372
0.38673 0.737712 -0.553372
0.38673 0.737712 0.553372
0.394136 -0.904839 -0.161006
0.394136 -0.904839 0.161006
0.394136 0.904839 -0.161006
0.394136 0.904839 0.161006
0.397351 -0.196412 -0.896401
0.397351 -0.196412 0.896401
0.397351 0.196412 -0.896401
0.397351 0.196412 0.896401
0.399607 -0.912982 -0.0823236
0.399607 -0.912982 0.0823236
0.399607 0.912982 -0.0823236
0.399607 0.912982 0.0823236
0.399769 -0.64684 -0.649448
0.399769 -0.64684 0.649448
0.399769 0.64684 -0.649448
0.399769 0.64684 0.649448
0.400968 -0.916092 0
0.400968 0.916092 0
0.403355 0 -0.915043
0.403355 0 0.915043
0.405434 -0.322525 -0.855337
0.405434 -0.322525 0.855337
0.405434 0.322525 -0.855337
0.405434 0.322525 0.855337
0.408286 -0.772575 -0.486241
0.408286 -0.772575 0.486241
0.408286 0.772575 -0.486241
0.408286 0.772575 0.486241
0.414273 -0.536784 -0.735011
0.414273 -0.536784 0.735011
0.414273 0.536784 -0.735011
0.414273 0.536784 0.735011
0.415597 -0.427135 -0.803016
0.415597 -0.427135 0.803016
0.415597 0.427135 -0.803016
0.415597 0.427135 0.803016
0.422364 -0.131749 -0.896801
0.422364 -0.131749 0.896801
0.422364 0.131749 -0.896801
0.422364 0.131749 0.896801
0.425325 -0.688191 -0.587785
0.425325 -0.688191 0.587785
0.425325 0.688191 -0.587785
0.425325 0.688191 0.587785
0.427135 -0.803016 -0.415597
0.427135 -0.803016 0.415597
0.427135 0.803016 -0.415597
0.427135 0.803016 0.415597
0.433889 -0.259892 -0.862668
0.433889 -0.259892 0.862668
0.433889 0.259892 -0.862668
0.433889 0.259892 0.862668
0.442867 -0.828447 -0.342848
0.442867 -0.828447 0.342848
0.442867 0.828447 -0.342848
0.442867 0.828447 0.342848
0.443957 -0.584716 -0.678977
0.443957 -0.584716 0.678977
0.443957 0.584716 -0.678977
0.443957 0.584716 0.678977
0.444464 -0.85264 -0.274694
0.444464 -0.85264 0.274694
0.444464 0.85264 -0.274694
0.444464 0.85264 0.274694
0.445365 -0.0658169 -0.892927
0.445365 -0.0658169 0.892927
0.445365 0.0658169 -0.892927
0.445365 0.0658169 0.892927
0.446977 -0.366027 -0.816233
0.446977 -0.366027 0.816233
0.446977 0.366027 -0.816233
0.446977 0.366027 0.816233
0.448259 -0.725299 -0.522499
0.448259 -0.725299 0.522499
0.448259 0.725299 -0.522499
0.448259 0.725299 0.522499
0.453991 -0.46843 -0.757935
0.453991 -0.46843 0.757935
0.453991 0.46843 -0.757935
0.453991 0.46843 0.757935
0.454262 -0.868535 -0.198227
0.454262 -0.868535 0.198227
0.454262 0.868535 -0.198227
0.454262 0.868535 0.198227
0.460267 -0.196015 -0.865871
0.460267 -0.196015 0.865871
0.460267 0.196015 -0.865871
0.460267 0.196015 0.865871
0.460882 -0.879345 -0.119755
0.460882 -0.879345 0.119755
0.460882 0.879345 -0.119755
0.460882 0.879345 0.119755
0.464213 -0.88476 -0.0412992
0.464213 -0.88476 0.0412992
0.464213 0.88476 -0.0412992
0.464213 0.88476 0.0412992
0.465658 0 -0.884965
0.465658 0 0.884965
0.46843 -0.757935 -0.453991
0.46843 -0.757935 0.453991
0.46843 0.757935 -0.453991
0.46843 0.757935 0.453991
0.470917 -0.628313 -0.619242
0.470917 -0.628313 0.619242
0.470917 0.628313 -0.619242
0.470917 0.628313 0.619242
0.476226 -0.303801 -0.825175
0.476226 -0.303801 0.825175
0.476226 0.303801 -0.825175
0.476226 0.303801 0.825175
0.484442 -0.1312 -0.864929
0.484442 -0.1312 0.864929
0.484442 0.1312 -0.864929
0.484442 0.1312 0.864929
0.485208 -0.51797 -0.704471
0.485208 -0.51797 0.704471
0.485208 0.51797 -0.704471
0.485208 0.51797 0.704471
0.485712 -0.785899 -0.382683
0.485712 -0.785899 0.382683
0.485712 0.785899 -0.382683
0.485712 0.785899 0.382683
0.486241 -0.408286 -0.772575
0.486241 -0.408286 0.772575
0.486241 0.408286 -0.772575
0.486241 0.408286 0.772575
0.496441 -0.669612 -0.552418
0.496441 -0.669612 0.552418
0.496441 0.669612 -0.552418
0.496441 0.669612 0.552418
0.5 -0.809017 -0.309017
0.5 -0.809017 0.309017
0.5 0.809017 -0.309017
0.5 0.809017 0.309017
0.50421 -0.237229 -0.830359
0.50421 -0.237229 0.830359
0.50421 0.237229 -0.830359
0.50421 0.237229 0.830359
0.506298 -0.0657576 -0.859848
0.506298 -0.0657576 0.859848
0.506298 0.0657576 -0.859848
0.506298 0.0657576 0.859848
0.511205 -0.827147 -0.233445
0.511205 -0.827147 0.233445
0.511205 0.827147 -0.233445
0.511205 0.827147 0.233445
0.513375 -0.564254 -0.646578
0.513375 -0.564254 0.646578
0.513375 0.564254 -0.646578
0.513375 0.564254 0.646578
0.516122 -0.346153 -0.783452
0.516122 -0.346153 0.783452
0.516122 0.346153 -0.783452
0.516122 0.346153 0.783452
0.51797 -0.704471 -0.485208
0.51797 -0.704471 0.485208
0.51797 0.704471 -0.485208
0.51797 0.704471 0.485208
0.519258 -0.840178 -0.156434
0.519258 -0.840178 0.156434
0.519258 0.840178 -0.156434
0.519258 0.840178 0.156434
0.522499 -0.448259 -0.725299
0.522499 -0.448259 0.725299
0.522499 0.448259 -0.725299
0.522499 0.448259 0.725299
0.52411 -0.848029 -0.0784591
0.52411 -0.848029 0.0784591
0.52411 0.848029 -0.0784591
0.52411 0.848029 0.0784591
0.525731 -0.850651 0
0.525731 0 -0.850651
0.525731 0 0.850651
0.525731 0.850651 0
0.529135 -0.172532 -0.830812
0.529135 -0.172532 0.830812
0.529135 0.172532 -0.830812
0.529135 0.172532 0.830812
0.536784 -0.735011 -0.414273
0.536784 -0.735011 0.414273
0.536784 0.735011 -0.414273
0.536784 0.735011 0.414273
0.54065 -0.607478 -0.581952
0.54065 -0.607478 0.581952
0.54065 0.607478 -0.581952
0.54065 0.607478 0.581952
0.545109 -0.280319 -0.790112
0.545109 -0.280319 0.790112
0.545109 0.280319 -0.790112
0.545109 0.280319 0.790112
0.551859 -0.106494 -0.82711
0.551859 -0.106494 0.82711
0.551859 0.106494 -0.82711
0.551859 0.106494 0.82711
0.552418 -0.496441 -0.669612
0.552418 -0.496441 0.669612
0.552418 0.496441 -0.669612
0.552418 0.496441 0.669612
0.552454 -0.760406 -0.341435
0.552454 -0.760406 0.341435
0.552454 0.760406 -0.341435
0.552454 0.760406 0.341435
0.553372 -0.38673 -0.737712
0.553372 -0.38673 0.737712
0.553372 0.38673 -0.737712
0.553372 0.38673 0.737712
0.55474 -0.785715 -0.273707
0.55474 -0.785715 0.273707
0.55474 0.785715 -0.273707
0.55474 0.785715 0.273707
0.564254 -0.646578 -0.513375
0.564254 -0.646578 0.513375
0.564254 0.646578 -0.513375
0.564254 0.646578 0.513375
0.564513 -0.801504 -0.197274
0.564513 -0.801504 0.197274
0.564513 0.801504 -0.197274
0.564513 0.801504 0.197274
0.57114 -0.812169 -0.119078
0.57114 -0.812169 0.119078
0.57114 0.812169 -0.119078
0.57114 0.812169 0.119078
0.571252 -0.213023 -0.792649
0.571252 -0.213023 0.792649
0.571252 0.213023 -0.792649
0.571252 0.213023 0.792649
0.572056 -0.0406404 -0.819207
0.572056 -0.0406404 0.819207
0.572056 0.0406404 -0.819207
0.572056 0.0406404 0.819207
0.574458 -0.817523 -0.0406752
0.574458 -0.817523 0.0406752
0.574458 0.817523 -0.0406752
0.574458 0.817523 0.0406752
0.581952 -0.54065 -0.607478
0.581952 -0.54065 0.607478
0.581952 0.54065 -0.607478
0.581952 0.54065 0.607478
0.583691 -0.322141 -0.745338
0.583691 -0.322141 0.745338
0.583691 0.322141 -0.745338
0.583691 0.322141 0.745338
0.584716 -0.678977 -0.443957
0.584716 -0.678977 0.443957
0.584716 0.678977 -0.443957
0.584716 0.678977 0.443957
0.587785 -0.425325 -0.688191
0.587785 -0.425325 0.688191
0.587785 0.425325 -0.688191
0.587785 0.425325 0.688191
0.594895 -0.147414 -0.79017
0.594895 -0.147414 0.79017
0.594895 0.147414 -0.79017
0.594895 0.147414 0.79017
0.601501 -0.707107 -0.371748
0.601501 -0.707107 0.371748
0.601501 0.707107 -0.371748
0.601501 0.707107 0.371748
0.605742 -0.734794 -0.305212
0.605742 -0.734794 0.305212
0.605742 0.734794 -0.305212
0.605742 0.734794 0.305212
0.606825 -0.758652 -0.237086
0.606825 -0.758652 0.237086
0.606825 0.758652 -0.237086
0.606825 0.758652 0.237086
0.607478 -0.581952 -0.54065
0.607478 -0.581952 0.54065
0.607478 0.581952 -0.54065
0.607478 0.581952 0.54065
0.610926 -0.25518 -0.749435
0.610926 -0.25518 0.749435
0.610926 0.25518 -0.749435
0.610926 0.25518 0.749435
0.615456 -0.771841 -0.159613
0.615456 -0.771841 0.159613
0.615456 0.771841 -0.159613
0.615456 0.771841 0.159613
0.615642 -0.0810863 -0.783843
0.615642 -0.0810863 0.783843
0.615642 0.0810863 -0.783843
0.615642 0.0810863 0.783843
0.617676 0 -0.786433
0.617676 0 0.786433
0.619186 -0.361592 -0.697037
0.619186 -0.361592 0.697037
0.619186 0.361592 -0.697037
0.619186 0.361592 0.697037
0.619242 -0.470917 -0.628313
0.619242 -0.470917 0.628313
0.619242 0.470917 -0.628313
0.619242 0.470917 0.628313
0.62024 -0.780204 -0.0811419
0.62024 -0.780204 0.0811419
0.62024 0.780204 -0.0811419
0.62024 0.780204 0.0811419
0.622292 -0.782786 0
0.622292 0.782786 0
0.628313 -0.619242 -0.470917
0.628313 -0.619242 0.470917
0.628313 0.619242 -0.470917
0.628313 0.619242 0.470917
0.634579 -0.187432 -0.749786
0.634579 -0.187432 0.749786
0.634579 0.187432 -0.749786
0.634579 0.187432 0.749786
0.646578 -0.513375 -0.564254
0.646578 -0.513375 0.564254
0.646578 0.513375 -0.564254
0.646578 0.513375 0.564254
0.64684 -0.649448 -0.399769
0.64684 -0.649448 0.399769
0.64684 0.649448 -0.399769
0.64684 0.649448 0.399769
0.647412 -0.296005 -0.70231
0.647412 -0.296005 0.70231
0.647412 0.296005 -0.70231
0.647412 0.296005 0.70231
0.649448 -0.399769 -0.64684
0.649448 -0.399769 0.64684
0.649448 0.399769 -0.64684
0.649448 0.399769 0.64684
0.653497 -0.678913 -0.334692
0.653497 -0.678913 0.334692
0.653497 0.678913 -0.334692
0.653497 0.678913 0.334692
0.656006 -0.727959 -0.199331
0.656006 -0.727959 0.199331
0.656006 0.727959 -0.199331
0.656006 0.727959 0.199331
0.656282 -0.121144 -0.744727
0.656282 -0.121144 0.744727
0.656282 0.121144 -0.744727
0.656282 0.121144 0.744727
0.65662 -0.705236 -0.267381
0.65662 -0.705236 0.267381
0.65662 0.705236 -0.267381
0.65662 0.705236 0.267381
0.660884 -0.0406421 -0.749387
0.660884 -0.0406421 0.749387
0.660884 0.0406421 -0.749387
0.660884 0.0406421 0.749387
0.662842 -0.738886 -0.121193
0.662842 -0.738886 0.121193
0.662842 0.738886 -0.121193
0.662842 0.738886 0.121193
0.667502 -0.743496 -0.0406771
0.667502 -0.743496 0.0406771
0.667502 0.743496 -0.0406771
0.667502 0.743496 0.0406771
0.669612 -0.552418 -0.496441
0.669612 -0.552418 0.496441
0.669612 0.552418 -0.496441
0.669612 0.552418 0.496441
0.672319 -0.2289 -0.703983
0.672319 -0.2289 0.703983
0.672319 0.2289 -0.703983
0.672319 0.2289 0.703983
0.678913 -0.334692 -0.653497
0.678913 -0.334692 0.653497
0.678913 0.334692 -0.653497
0.678913 0.334692 0.653497
0.678977 -0.443957 -0.584716
0.678977 -0.443957 0.584716
0.678977 0.443957 -0.584716
0.678977 0.443957 0.584716
0.688191 -0.587785 -0.425325
0.688191 -0.587785 0.425325
0.688191 0.587785 -0.425325
0.688191 0.587785 0.425325
0.69378 -0.160622 -0.702046
0.69378 -0.160622 0.702046
0.69378 0.160622 -0.702046
0.69378 0.160622 0.702046
0.697037 -0.619186 -0.361592
0.697037 -0.619186 0.361592
0.697037 0.619186 -0.361592
0.697037 0.619186 0.361592
0.700622 -0.080573 -0.708969
0.700622 -0.080573 0.708969
0.700622 0.080573 -0.708969
0.700622 0.080573 0.708969
0.702046 -0.69378 -0.160622
0.702046 -0.69378 0.160622
0.702046 0.69378 -0.160622
0.702046 0.69378 0.160622
0.70231 -0.647412 -0.296005
0.70231 -0.647412 0.296005
0.70231 0.647412 -0.296005
0.70231 0.647412 0.296005
0.702907 0 -0.711282
0.702907 0 0.711282
0.703983 -0.672319 -0.2289
0.703983 -0.672319 0.2289
0.703983 0.672319 -0.2289
0.703983 0.672319 0.2289
0.704471 -0.485208 -0.51797
0.704471 -0.485208 0.51797
0.704471 0.485208 -0.51797
0.704471 0.485208 0.51797
0.705236 -0.267381 -0.65662
0.705236 -0.267381 0.65662
0.705236 0.267381 -0.65662
0.705236 0.267381 0.65662
0.707107 -0.371748 -0.601501
0.707107 -0.371748 0.601501
0.707107 0.371748 -0.601501
0.707107 0.371748 0.601501
0.708969 -0.700622 -0.080573
0.708969 -0.700622 0.080573
0.708969 0.700622 -0.080573
0.708969 0.700622 0.080573
0.711282 -0.702907 0
0.711282 0.702907 0
0.725299 -0.522499 -0.448259
0.725299 -0.522499 0.448259
0.725299 0.522499 -0.448259
0.725299 0.522499 0.448259
0.727959 -0.199331 -0.656006
0.727959 -0.199331 0.656006
0.727959 0.199331 -0.656006
0.727959 0.199331 0.656006
0.734794 -0.305212 -0.605742
0.734794 -0.305212 0.605742
0.734794 0.305212 -0.605742
0.734794 0.305212 0.605742
0.735011 -0.414273 -0.536784
0.735011 -0.414273 0.536784
0.735011 0.414273 -0.536784
0.735011 0.414273 0.536784
0.737712 -0.553372 -0.38673
0.737712 -0.553372 0.38673
0.737712 0.553372 -0.38673
0.737712 0.553372 0.38673
0.738886 -0.121193 -0.662842
0.738886 -0.121193 0.662842
0.738886 0.121193 -0.662842
0.738886 0.121193 0.662842
0.743496 -0.0406771 -0.667502
0.743496 -0.0406771 0.667502
0.743496 0.0406771 -0.667502
0.743496 0.0406771 0.667502
0.744727 -0.656282 -0.121144
0.744727 -0.656282 0.121144
0.744727 0.656282 -0.121144
0.744727 0.656282 0.121144
0.745338 -0.583691 -0.322141
0.745338 -0.583691 0.322141
0.745338 0.583691 -0.322141
0.745338 0.583691 0.322141
0.749387 -0.660884 -0.0406421
0.749387 -0.660884 0.0406421
0.749387 0.660884 -0.0406421
0.749387 0.660884 0.0406421
0.749435 -0.610926 -0.25518
0.749435 -0.610926 0.25518
0.749435 0.610926 -0.25518
0.749435 0.610926 0.25518
0.749786 -0.634579 -0.187432
0.749786 -0.634579 0.187432
0.749786 0.634579 -0.187432
0.749786 0.634579 0.187432
0.757935 -0.453991 -0.46843
0.757935 -0.453991 0.46843
0.757935 0.453991 -0.46843
0.757935 0.453991 0.46843
0.758652 -0.237086 -0.606825
0.758652 -0.237086 0.606825
0.758652 0.237086 -0.606825
0.758652 0.237086 0.606825
0.760406 -0.341435 -0.552454
0.760406 -0.341435 0.552454
0.760406 0.341435 -0.552454
0.760406 0.341435 0.552454
0.771841 -0.159613 -0.615456
0.771841 -0.159613 0.615456
0.771841 0.159613 -0.615456
0.771841 0.159613 0.615456
0.772575 -0.486241 -0.408286
0.772575 -0.486241 0.408286
0.772575 0.486241 -0.408286
0.772575 0.486241 0.408286
0.780204 -0.0811419 -0.62024
0.780204 -0.0811419 0.62024
0.780204 0.0811419 -0.62024
0.780204 0.0811419 0.62024
0.782786 0 -0.622292
0.782786 0 0.622292
0.783452 -0.516122 -0.346153
0.783452 -0.516122 0.346153
0.783452 0.516122 -0.346153
0.783452 0.516122 0.346153
0.783843 -0.615642 -0.0810863
0.783843 -0.615642 0.0810863
0.783843 0.615642 -0.0810863
0.783843 0.615642 0.0810863
0.785715 -0.273707 -0.55474
0.785715 -0.273707 0.55474
0.785715 0.273707 -0.55474
0.785715 0.273707 0.55474
0.785899 -0.382683 -0.485712
0.785899 -0.382683 0.485712
0.785899 0.382683 -0.485712
0.785899 0.382683 0.485712
0.786433 -0.617676 0
0.786433 0.617676 0
0.790112 -0.545109 -0.280319
0.790112 -0.545109 0.280319
0.790112 0.545109 -0.280319
0.790112 0.545109 0.280319
0.79017 -0.594895 -0.147414
0.79017 -0.594895 0.147414
0.79017 0.594895 -0.147414
0.79017 0.594895 0.147414
0.792649 -0.571252 -0.213023
0.792649 -0.571252 0.213023
0.792649 0.571252 -0.213023
0.792649 0.571252 0.213023
0.801504 -0.197274 -0.564513
0.801504 -0.197274 0.564513
0.801504 0.197274 -0.564513
0.801504 0.197274 0.564513
0.803016 -0.415597 -0.427135
0.803016 -0.415597 0.427135
0.803016 0.415597 -0.427135
0.803016 0.415597 0.427135
0.809017 -0.309017 -0.5
0.809017 -0.309017 0.5
0.809017 0.309017 -0.5
0.809017 0.309017 0.5
0.812169 -0.119078 -0.57114
0.812169 -0.119078 0.57114
0.812169 0.119078 -0.57114
0.812169 0.119078 0.57114
0.816233 -0.446977 -0.366027
0.816233 -0.446977 0.366027
0.816233 0.446977 -0.366027
0.816233 0.446977 0.366027
0.817523 -0.0406752 -0.574458
0.817523 -0.0406752 0.574458
0.817523 0.0406752 -0.574458
0.817523 0.0406752 0.574458
0.819207 -0.572056 -0.0406404
0.819207 -0.572056 0.0406404
0.819207 0.572056 -0.0406404
0.819207 0.572056 0.0406404
0.825175 -0.476226 -0.303801
0.825175 -0.476226 0.303801
0.825175 0.476226 -0.303801
0.825175 0.476226 0.303801
0.82711 -0.551859 -0.106494
0.82711 -0.551859 0.106494
0.82711 0.551859 -0.106494
0.82711 0.551859 0.106494
0.827147 -0.233445 -0.511205
0.827147 -0.233445 0.511205
0.827147 0.233445 -0.511205
0.827147 0.233445 0.511205
0.828447 -0.342848 -0.442867
0.828447 -0.342848 0.442867
0.828447 0.342848 -0.442867
0.828447 0.342848 0.442867
0.830359 -0.50421 -0.237229
0.830359 -0.50421 0.237229
0.830359 0.50421 -0.237229
0.830359 0.50421 0.237229
0.830812 -0.529135 -0.172532
0.830812 -0.529135 0.172532
0.830812 0.529135 -0.172532
0.830812 0.529135 0.172532
0.840178 -0.156434 -0.519258
0.840178 -0.156434 0.519258
0.840178 0.156434 -0.519258
0.840178 0.156434 0.519258
0.843911 -0.375039 -0.383614
0.843911 -0.375039 0.383614
0.843911 0.375039 -0.383614
0.843911 0.375039 0.383614
0.848029 -0.0784591 -0.52411
0.848029 -0.0784591 0.52411
0.848029 0.0784591 -0.52411
0.848029 0.0784591 0.52411
0.850651 -0.525731 0
0.850651 0 -0.525731
0.850651 0 0.525731
0.850651 0.525731 0
0.85264 -0.274694 -0.444464
0.85264 -0.274694 0.444464
0.85264 0.274694 -0.444464
0.85264 0.274694 0.444464
0.855337 -0.405434 -0.322525
0.855337 -0.405434 0.322525
0.855337 0.405434 -0.322525
0.855337 0.405434 0.322525
0.859848 -0.506298 -0.0657576
0.859848 -0.506298 0.0657576
0.859848 0.506298 -0.0657576
0.859848 0.506298 0.0657576
0.862668 -0.433889 -0.259892
0.862668 -0.433889 0.259892
0.862668 0.433889 -0.259892
0.862668 0.433889 0.259892
0.864929 -0.484442 -0.1312
0.864929 -0.484442 0.1312
0.864929 0.484442 -0.1312
0.864929 0.484442 0.1312
0.865871 -0.460267 -0.196015
0.865871 -0.460267 0.196015
0.865871 0.460267 -0.196015
0.865871 0.460267 0.196015
0.868535 -0.198227 -0.454262
0.868535 -0.198227 0.454262
0.868535 0.198227 -0.454262
0.868535 0.198227 0.454262
0.869725 -0.307659 -0.385906
0.869725 -0.307659 0.385906
0.869725 0.307659 -0.385906
0.869725 0.307659 0.385906
0.879345 -0.119755 -0.460882
0.879345 -0.119755 0.460882
0.879345 0.119755 -0.460882
0.879345 0.119755 0.460882
0.882837 -0.339209 -0.324864
0.882837 -0.339209 0.324864
0.882837 0.339209 -0.324864
0.882837 0.339209 0.324864
0.88476 -0.0412992 -0.464213
0.88476 -0.0412992 0.464213
0.88476 0.0412992 -0.464213
0.88476 0.0412992 0.464213
0.884965 -0.465658 0
0.884965 0.465658 0
0.891007 -0.238677 -0.386187
0.891007 -0.238677 0.386187
0.891007 0.238677 -0.386187
0.891007 0.238677 0.386187
0.891742 -0.368518 -0.262661
0.891742 -0.368518 0.262661
0.891742 0.368518 -0.262661
0.891742 0.368518 0.262661
0.892927 -0.445365 -0.0658169
0.892927 -0.445365 0.0658169
0.892927 0.445365 -0.0658169
0.892927 0.445365 0.0658169
0.896401 -0.397351 -0.196412
0.896401 -0.397351 0.196412
0.896401 0.397351 -0.196412
0.896401 0.397351 0.196412
0.896801 -0.422364 -0.131749
0.896801 -0.422364 0.131749
0.896801 0.422364 -0.131749
0.896801 0.422364 0.131749
0.904839 -0.161006 -0.394136
0.904839 -0.161006 0.394136
0.904839 0.161006 -0.394136
0.904839 0.161006 0.394136
0.905832 -0.270627 -0.325929
0.905832 -0.270627 0.325929
0.905832 0.270627 -0.325929
0.905832 0.270627 0.325929
0.912982 -0.0823236 -0.399607
0.912982 -0.0823236 0.399607
0.912982 0.0823236 -0.399607
0.912982 0.0823236 0.399607
0.915043 -0.403355 0
0.915043 0.403355 0
0.916092 0 -0.400968
0.916092 0 0.400968
0.916244 -0.301259 -0.264083
0.916244 -0.301259 0.264083
0.916244 0.301259 -0.264083
0.916244 0.301259 0.264083
0.921919 -0.381721 -0.0659884
0.921919 -0.381721 0.0659884
0.921919 0.381721 -0.0659884
0.921919 0.381721 0.0659884
0.922682 -0.330606 -0.198387
0.922682 -0.330606 0.198387
0.922682 0.330606 -0.198387
0.922682 0.330606 0.198387
0.92388 -0.201189 -0.32553
0.92388 -0.201189 0.32553
0.92388 0.201189 -0.32553
0.92388 0.201189 0.32553
0.924305 -0.358229 -0.131655
0.924305 -0.358229 0.131655
0.924305 0.358229 -0.131655
0.924305 0.358229 0.131655
0.93513 -0.1228 -0.332342
0.93513 -0.1228 0.332342
0.93513 0.1228 -0.332342
0.93513 0.1228 0.332342
0.93605 -0.232455 -0.264151
0.93605 -0.232455 0.264151
0.93605 0.232455 -0.264151
0.93605 0.232455 0.264151
0.940742 -0.339122 0
0.940742 0.339122 0
0.941618 -0.041302 -0.33414
0.941618 -0.041302 0.33414
0.941618 0.041302 -0.33414
0.941618 0.041302 0.33414
0.944433 -0.26155 -0.199094
0.944433 -0.26155 0.199094
0.944433 0.26155 -0.199094
0.944433 0.26155 0.199094
0.946198 -0.316778 -0.0660424
0.946198 -0.316778 0.0660424
0.946198 0.316778 -0.0660424
0.946198 0.316778 0.0660424
0.947822 -0.289929 -0.13257
0.947822 -0.289929 0.13257
0.947822 0.289929 -0.13257
0.947822 0.289929 0.13257
0.951057 -0.16246 -0.262866
0.951057 -0.16246 0.262866
0.951057 0.16246 -0.262866
0.951057 0.16246 0.262866
0.960655 -0.0815011 -0.265518
0.960655 -0.0815011 0.265518
0.960655 0.0815011 -0.265518
0.960655 0.0815011 0.265518
0.961188 -0.19178 -0.198337
0.961188 -0.19178 0.198337
0.961188 0.19178 -0.198337
0.961188 0.19178 0.198337
0.961938 -0.273266 0
0.961938 0.273266 0
0.963861 0 -0.266405
0.963861 0 0.266405
0.966393 -0.220117 -0.132792
0.966393 -0.220117 0.132792
0.966393 0.220117 -0.132792
0.966393 0.220117 0.132792
0.966643 -0.247326 -0.0665669
0.966643 -0.247326 0.0665669
0.966643 0.247326 -0.0665669
0.966643 0.247326 0.0665669
0.97237 -0.122729 -0.198581
0.97237 -0.122729 0.198581
0.97237 0.122729 -0.198581
0.97237 0.122729 0.198581
0.97853 -0.206103 0
0.97853 0.206103 0
0.978852 -0.0412509 -0.200368
0.978852 -0.0412509 0.200368
0.978852 0.0412509 -0.200368
0.978852 0.0412509 0.200368
0.979426 -0.151549 -0.133256
0.979426 -0.151549 0.133256
0.979426 0.151549 -0.133256
0.979426 0.151549 0.133256
0.981483 -0.179596 -0.0666044
0.981483 -0.179596 0.0666044
0.981483 0.179596 -0.0666044
0.981483 0.179596 0.0666044
0.987688 -0.0822425 -0.133071
0.987688 -0.0822425 0.133071
0.987688 0.0822425 -0.133071
0.987688 0.0822425 0.133071
0.990439 -0.137952 0
0.990439 0.137952 0
0.991046 0 -0.133523
0.991046 0 0.133523
0.991648 -0.110385 -0.0667094
0.991648 -0.110385 0.0667094
0.991648 0.110385 -0.0667094
0.991648 0.110385 0.0667094
0.996917 -0.0412484 -0.0667413
0.996917 -0.0412484 0.0667413
0.996917 0.0412484 -0.0667413
0.996917 0.0412484 0.0667413
0.997607 -0.0691416 0
0.997607 0.0691416 0
1 0 0
